1.200614779380500130e+07
2.830412980298433453e+06
2.053204029325837269e+07
1.606416793197587598e+06
4.785426997708059498e+05
5.704452178277924657e+06
6.888402197862475878e+05
4.822973549675528193e+05
1.907899236257931683e+06
1.133230609955404798e+05
4.191876216528792866e+06
4.964676903981357464e+05
4.190256532041997183e+06
1.847816410564966034e+06
1.463523070288568852e+05
1.168133022434327053e+06
1.589930115082154749e+06
3.150595616929781158e+06
4.078412613430994679e+05
1.231040476109201991e+05
2.118140153524755500e+06
1.181913582959937776e+05
1.183621588131490396e+06
4.787989326819071546e+06
5.787701674177655950e+05
9.576955874058054760e+06
4.095784846739741042e+05
1.099302143652176950e+06
1.744445766995170852e+06
1.470578232525619213e+06
4.950604607828118023e+05
3.469254063983443193e+06
5.676360468337763101e+06
2.496815784314762428e+07
4.650948664773195633e+05
1.463127130348292179e+07
7.774783166487668641e+05
1.288811600583657157e+06
4.542483239960629144e+05
1.017598841948802955e+07
2.684980956965316087e+06
7.236565976429966278e+06
4.600532597296750755e+05
2.036878164492134238e+05
3.453331067337907851e+06
1.084954465064262226e+07
6.563995843540217727e+06
3.444736668927683495e+05
9.951687433357681148e+05
1.477776966385483276e+06
1.527907026343722595e+06
2.278926101819682517e+05
4.057198330966413487e+06
2.184953039695059415e+05
2.127746025683589280e+06
3.523632420975205605e+05
5.847299168195752427e+06
4.574812328690775670e+06
2.960108703229061328e+06
6.965365205216321629e+05
1.098526516069724411e+07
4.080306823485810775e+06
3.985815384268535301e+06
3.187917808660299634e+05
3.457242232097888482e+05
2.808253960445093457e+06
3.829020371135266614e+05
1.382956577534408122e+07
6.569873842700623209e+05
9.052024565663619433e+05
2.675279866267952020e+05
2.525158625300080457e+05
3.448453725536246784e+05
1.606923523693029536e+06
7.997114747400199994e+05
1.960365395807426190e+06
8.543987515618554316e+05
1.070531815257873200e+07
1.947727394653804833e+06
3.754160826470552478e+06
2.219798394118387718e+06
7.460399345417793840e+06
4.392677933380054310e+06
8.100291672280600294e+06
3.009954490342094097e+06
3.100982935322366538e+05
4.324167129025713657e+05
9.320106852688057115e+05
4.433848627848724136e+05
1.482518526876884513e+06
8.788450161839117063e+05
2.237494584956725594e+06
2.913648942186547909e+06
2.157382424484968360e+05
2.968793259744443931e+05
1.969669826057141181e+05
4.728209199397199787e+06
1.979714616838295944e+06
1.152606409643435618e+06
5.433726971134070773e+05
1.659678446958416607e+06
3.155063040839366149e+05
3.471412747444526758e+05
5.756304154782800935e+06
6.790655991265976802e+06
1.080223907122144476e+06
2.615068733133479021e+06
2.730380171220464632e+06
2.601085501787016692e+05
6.457805421096218051e+05
6.699273605523022823e+06
3.388435652086209157e+05
8.309812222364269197e+06
3.907750033728000708e+06
1.555735655844380846e+06
7.606028921229819534e+05
5.323980133932231693e+05
2.419794214018912520e+06
3.747634303730281070e+06
1.438879175973772071e+06
8.534069761379478499e+06
1.468030805945618311e+06
3.825293522926009726e+06
1.699624046370005235e+05
7.237020506240321556e+05
3.115716279658672400e+06
2.616675147656808258e+05
7.606544685502799228e+06
1.573834271126945969e+06
1.604187076540652430e+06
7.579337799997153925e+05
9.451543166875410825e+06
1.160393843898628093e+07
1.816569014732629585e+05
1.529920998959366407e+05
7.230831150826943340e+05
1.108076803829083219e+07
1.405559074930246861e+05
2.084006023868413467e+05
4.756299378447179915e+05
4.300512003411388956e+06
2.673863255440298468e+06
2.652628862307959935e+05
3.633900715381590999e+05
5.173750981327792630e+06
1.337032598053838883e+05
2.412562066242436704e+05
3.474308079345520120e+06
1.905041528913626098e+05
1.563050860102010192e+05
3.701560558531384449e+05
1.342642084629944584e+05
2.400263395379107678e+05
1.259735840501022525e+06
8.208729679854437709e+06
7.416967780348613160e+05
9.062508865679506212e+06
5.473293623744049110e+06
3.092520047874868847e+06
1.036037600787585787e+07
1.974433618440643651e+06
1.461168158649248630e+07
5.369220230857539922e+06
5.573525149197210558e+05
1.031317914725012612e+06
1.835773203791129962e+07
6.595787619827488379e+04
2.303126485172659159e+06
1.118775009061813820e+06
4.045100538857257459e+06
1.157065462599565741e+06
1.377268048638459062e+06
3.982176514863725752e+06
1.278372343997768126e+06
5.428750159006475471e+06
5.490536468756888993e+06
1.506889101920174062e+07
4.158497623710695771e+05
5.509986647471907781e+05
2.270383809798830654e+06
2.108758280528244562e+06
1.901968449389300949e+05
3.337113244341815356e+06
1.027560578874799539e+06
8.822647773736314848e+06
3.703485419392839540e+05
3.314053802453912050e+07
5.371380808802965330e+05
2.770153318681452796e+07
1.133194301920337835e+06
2.084499584164538188e+06
3.286760538020423148e+06
3.828325450992861879e+05
1.150632443236865103e+06
6.971455443530972116e+05
5.106263458801273373e+05
9.408091748299030587e+06
3.054773254818795249e+05
4.350087757140541449e+06
3.138832376681143069e+05
6.132619246033311356e+05
2.071569386303715408e+07
4.362175889890057035e+06
7.366388255323430349e+04
1.566989289217740111e+07
4.427976740518324077e+05
1.968915565823093429e+07
5.697160945467917249e+06
1.225607081292241579e+06
1.558732261988055520e+07
1.820776097915301332e+06
1.797437238178803120e+06
1.043924329022596590e+06
4.721328351320480579e+05
1.787123895423767099e+05
8.152813952337570954e+05
1.519415250920950249e+07
3.139813121627085842e+06
1.958347374796422373e+05
1.226413785382789792e+06
8.752663128271652386e+06
8.848040330558847636e+06
5.682637348628033651e+05
3.347338842344222357e+05
9.110453677420279011e+06
1.805634478120153071e+05
4.498403813730243593e+06
2.719823465868177591e+05
2.253298169457929675e+06
1.806493546142755076e+06
1.116242769600842439e+05
1.322397643942304130e+05
2.599957263720902614e+06
6.821617859916393645e+06
5.021904583925878629e+06
1.636337501353310607e+07
3.603394174800035544e+05
1.367904343723948346e+06
2.579176329443604045e+05
5.623588592674863758e+05
3.172583849230165943e+05
9.582502143450090662e+05
2.181183988339281641e+06
6.547472830071834615e+05
1.331393025855434872e+07
5.726338657050338574e+06
1.160342002430492640e+07
1.425750074288188480e+05
4.014197386424583965e+05
3.277758567494625226e+06
